5560360793
5560098138
5560000043
5560000068
5560000118
5560000159
5560000241
5560000316
5560000365
5560000407
5560000472
5560000563
5560000613
5560000753
5560001033
5560001074
5560001082
5560001090
5560001108
5560001116
5560001322
5560001330
5560001348
5560001421
5560001439
5560001496
5560001504
5560001538
5560001595
5560001611
5560001629
5560001801
5560001835
5560001975
5560001991
5560002056
5560002171
5560002205
5560002213
5560002221
5560002262
5560002296
5560002320
5560002346
5560002395
5560002429
5560002544
5560002619
5560002650
5560002866
